inst/extdata/USGS_NED_500m.txt
ncols         810
nrows         486
xllcorner     -115.24999999942
yllcorner     42.249999819777
cellsize      0.00462963
NODATA_value  -9999
[rows 336 to 363 of 486, columns 630 to 692 of 810]
1844.331 1815.064 1801.93 1880.906 1842.928 1841.269 1803.415 1785.327 1769.724 1743.9 1731.013 1694.336 1666.148 1652.659 1663.981 1654.475 1709.8 1724.003 1673.645 1609.339 1632.219 1644.704 1655.319 1672.116 1681.138 1718.95 1747.029 1775.06 1791.686 1829.113 1889.549 1982.034 2041.926 2214.104 2286.312 2197.791 2354.792 2276.265 2251.702 2245.532 2246.668 2221.455 2302.393 2336.968 2379.638 2379.977 2329.565 2331.832 2362.907 2339.06 2293.446 2282.609 2182.602 2193.532 2169.893 2232.522 2252.707 2172.459 2076.716 1989.004 1930.244 1878.128 1846.466
1856.072 1880.544 1912.711 1947.427 1926.105 1849.786 1907.96 1836.808 1786.682 1770.248 1734.581 1700.105 1685.488 1671.769 1707.276 1697.26 1722.338 1691.748 1654.496 1623.313 1634.283 1643.692 1659.55 1673.868 1696.304 1718.947 1770.351 1773.325 1846.866 1839.779 1838.483 1911.561 1905.481 1952.941 2050.86 2070.931 2094.482 2118.631 2146.24 2159.877 2243.028 2299.696 2334.443 2342.694 2336.064 2290.866 2302.774 2282.542 2375.671 2366.039 2329.465 2312.337 2225.408 2147.445 2093.321 2133.054 2263.052 2157.356 2088.839 2034.216 1932.488 1888.103 1851.216
1835.492 1864.08 1915.511 1943.153 1959.217 1966.638 1897.176 1943.853 1849.119 1805.633 1781.848 1733.531 1747.141 1712.25 1706.602 1686.31 1675.617 1658.812 1655.946 1635.795 1645.561 1659.465 1684.893 1684.764 1737.42 1745.451 1765.356 1818.497 1829.349 1862.834 1948.78 2015.258 2045.237 2184.95 2106.06 2108.259 2072.097 2110.851 2178.076 2203.471 2320.055 2397.985 2490.695 2435.34 2383.294 2304.588 2258.652 2207.724 2264.272 2248.972 2246.801 2182.665 2142.01 2112.581 2061.309 2095.122 2121.642 2229.713 2095.047 2097.21 2007.306 1885.76 1834.134
1794.486 1831.818 1903.179 1931.266 1975.562 1961.347 1930.755 1990.575 1923.154 1825.891 1818.004 1796.93 1783.821 1753.029 1733.142 1685.077 1661.995 1660.256 1651.927 1659.777 1684.771 1680.616 1693.191 1721.555 1744.375 1774.633 1829.981 1857.597 1917.781 1967.383 1977.594 2040.006 2151.24 2256.399 2345.163 2304.026 2167.954 2188.024 2191.491 2335.207 2357.8 2424.315 2548.293 2533.211 2437.089 2389.313 2341.403 2271.915 2174.446 2131.244 2160.065 2192.8 2191.201 2166.528 2126.232 2038.785 2099.928 2103.6 2138.442 2077.225 2034.362 1920.678 1834.277
1788.883 1844.273 1885.777 1880.367 1949.856 1889.544 1877.017 1906.43 1874.749 1833.768 1793.344 1769.429 1753.583 1723.552 1709.636 1684.427 1679.763 1659.348 1658.804 1657.236 1694.458 1700.64 1701.141 1719.068 1757.198 1796.182 1832.724 1853.977 1914.113 1961.747 1983.843 2136.764 2261.436 2355.472 2442.584 2380.485 2340.614 2295.392 2346.99 2345.786 2501.842 2554.201 2605.001 2517.417 2398.929 2333.543 2302.152 2282.184 2264.818 2161.352 2106.864 2193.842 2192.205 2129.509 2059.926 1986.624 2005.926 2022.72 2070.399 2077.03 2002.109 1916.228 1853.924
1745.972 1779.259 1837.719 1855.766 1888.294 1886.888 1838.559 1864.029 1873.903 1817.795 1783.437 1772.935 1743.37 1718.563 1707.905 1682.563 1682.538 1672.43 1662.093 1677.955 1696.163 1699.349 1731.635 1745.032 1753.493 1794.716 1821.074 1874.125 1945.493 2063.99 2095.417 2156.283 2246.85 2320.626 2314.839 2450.094 2510.026 2465.879 2556.495 2516.147 2607.854 2634.788 2620.541 2578.208 2536.185 2509.968 2448.698 2405.479 2329.916 2253.77 2114.072 2078.741 2031.562 2010.475 1988.235 1964.161 1952.458 1946.899 1948.254 1951.9 1922.256 1907.18 1842.169
1752.897 1756.958 1818.342 1789.255 1846.761 1836.557 1803.878 1857.568 1883.262 1853.936 1805.479 1753.501 1734.326 1716.805 1706.046 1692.962 1683.131 1671.091 1674.853 1676.551 1699.175 1718.977 1730.112 1757.133 1769.857 1789.659 1840.468 1905.735 1952.476 2060.714 2054.446 2058.862 2238.493 2146.853 2165.101 2179.034 2336.831 2374.339 2521.115 2494.455 2564.252 2627.222 2663.964 2705.657 2669.273 2561.991 2495.717 2426.681 2344.054 2256.952 2292.99 2259.121 2159.515 2018.565 1969.147 1949.577 1934.662 1919.182 1901.563 1899.395 1912.05 1897.248 1855.804
1714.961 1711.813 1735.758 1729.889 1752.897 1767.935 1828.826 1850.045 1825.815 1870.77 1830.168 1867.35 1778.373 1740.149 1707.479 1698.781 1696.646 1678.423 1695.701 1712.051 1697.413 1719.806 1734.594 1755.36 1779.215 1814.377 1839.851 1877.707 1896.671 1917.186 1946.182 1944.547 1974.282 2037.72 2134.673 2146.447 2183.147 2231.254 2349.151 2376.227 2441.892 2536.114 2617.479 2620.126 2623.843 2513.557 2506.354 2429.113 2343.468 2303.96 2339.54 2239.153 2093.683 1993.773 1949.82 1923.951 1908.144 1899.931 1892.455 1880.026 1916.797 1883.763 1874.114
1684.88 1729.951 1781.87 1813.162 1864.303 1866.2 1879.596 1889.85 1882.367 1926.598 1928.268 1886.487 1795.365 1768.958 1767.394 1773.281 1719.61 1699.267 1736.693 1796.375 1722.723 1720.523 1741.406 1754.978 1782 1810.283 1840.561 1891.426 1973.992 2066.646 2129.289 2111.131 2090.04 2226.732 2338.841 2245.842 2417.003 2279.912 2252.426 2320.387 2385.645 2454.098 2523.943 2431.604 2434.36 2373.384 2378.408 2280.915 2239.053 2246.881 2187.836 2132.648 2021.476 1969.803 1929.446 1896.34 1883.549 1874.434 1881.716 1866.625 1906.575 1962.548 1947.165
1694.697 1766.948 1795.818 1800.569 1830.426 1903.968 1952.241 1993.183 2000.583 1984 1960.001 1974.878 1897.723 1825.061 1766.884 1741.662 1719.985 1697.08 1694.552 1729.854 1738.722 1732.037 1734.549 1749.159 1778.627 1808.541 1839.024 1891.615 1984.792 2081.503 2113.02 2031.51 2058.096 2165.306 2212.06 2295.987 2447.508 2370.137 2262.478 2339.87 2350.789 2389.725 2400.51 2310.786 2259.957 2255.45 2221.879 2165.096 2134.132 2085.19 2040.752 2028.838 1976.328 1942.196 1923.265 1895.873 1865.071 1854.967 1860.268 1886.962 1929.784 1991.163 2003.022
1673.108 1713.308 1755.528 1789.78 1870.683 1897.807 1899.941 1911.304 1954.702 1987.412 1887.939 1925.57 1902.329 1806.348 1767.322 1727.108 1705.371 1708.375 1677.258 1692.453 1685.476 1710.62 1739.174 1757.826 1783.228 1822.735 1841.05 1881.513 1982.474 1997.379 2036.601 2145.809 2201.074 2267.739 2359.641 2332.338 2370.311 2318.659 2197.299 2375.175 2346.249 2328.717 2364.653 2291.64 2218.401 2147.681 2141.551 2127.588 2085.103 2104.435 2120.903 2012.009 1934.101 1907.918 1907.829 1883.929 1853.637 1844.129 1832.982 1893.159 1957.412 2018.03 2058.593
1801.153 1706.291 1715.157 1774.239 1826.432 1849.83 1840.99 1864.022 1891.264 1909.536 1854.431 1882.141 1832.144 1822.178 1794.774 1806.284 1754.25 1687.873 1671.686 1654.884 1649.999 1713.345 1726.857 1748.402 1779.318 1806.207 1848.342 1907.687 1913.935 1923.704 2032.932 2050.982 2142.773 2277.873 2399.319 2295.53 2246.265 2177.838 2133.047 2250.159 2351.222 2345.055 2318.768 2299.357 2216.305 2183.416 2106.792 2075.471 2054.028 2023.941 1986.207 1952.502 1916.976 1914.581 1902.889 1880.096 1824.284 1820.36 1831.292 1885.482 1954.956 2026.999 2058.017
1770.23 1825.816 1739.846 1789.563 1809.688 1815.642 1808.965 1802.206 1808.679 1839.318 1883.805 1803.225 1807.57 1787.96 1775.02 1737.289 1723.575 1676.938 1625.34 1648.82 1690.132 1713.029 1719.331 1741.191 1759.972 1793.709 1817.157 1883.913 1918.155 2067.16 2122.144 2083.484 2048.902 2162.451 2321.887 2352.961 2396.678 2208.794 2108.397 2165.114 2315.767 2399.643 2262.465 2322.572 2195.12 2131.992 2049.827 2070.24 2070.271 2018.397 1987.785 1983.265 1945.108 1913.016 1898.596 1882.305 1871.346 1809.34 1824.11 1895.529 1908.292 2011.454 2060.457
1821.862 1834.477 1805.432 1774.203 1768.998 1770.854 1769.951 1755.227 1810.914 1832.692 1848.064 1825.087 1740.375 1757.904 1740.313 1699.954 1679.215 1648.939 1634.209 1614.099 1644.91 1680.975 1699.7 1721.86 1746.568 1768.343 1794.24 1848.882 1895.52 1950.978 2025.53 1964.886 2001.432 2043.039 2203.771 2262.705 2402.772 2252.449 2081.793 2057.225 2216.621 2249.264 2319.546 2245.607 2202.566 2108.949 2067.553 2009.62 1969.733 1957.38 1943.074 1957.142 1920.481 1878.105 1875.251 1869.52 1826.299 1808.714 1805.54 1854.156 1899.643 1951.584 2028.37
1790.875 1768.4 1762.761 1740.94 1733.906 1761.853 1700.281 1704.357 1773.231 1798.999 1817.017 1791.655 1781.65 1710.075 1692.195 1664.706 1643.663 1651.122 1623.743 1633.051 1659.547 1669.119 1686.777 1708.941 1731.705 1757.399 1789.263 1822.545 1868.196 1865.007 1915.527 1869.309 1976.94 2062.227 2256.776 2153.777 2226.392 2195.649 2046.151 1973.182 2064.683 2160.142 2337.832 2223.518 2161.901 2085.459 2040.762 2023.463 1982.758 1966.636 1943.217 1921.254 1960.2 2010.221 1939.973 1880.158 1839.371 1802.954 1790.712 1861.396 1888.556 1924.343 1908.442
1796.621 1778.383 1811.336 1803.644 1789.552 1761.571 1742.75 1680.797 1717.891 1736.15 1728.394 1728.991 1709.252 1717.746 1684.044 1664.402 1633.988 1616.014 1600.73 1594.341 1646.211 1631.316 1658.69 1693.134 1706.67 1730.484 1747.458 1797.416 1846.629 1844.678 1843.774 1882.43 1956.416 2056.8 2230.378 2083.297 2043.112 2194.271 2032.232 1927.777 2147.458 2190.767 2357.849 2271.206 2187.151 2136.349 2093.89 2061.608 2037.56 2020.034 2055.158 2009.817 2000.847 1981.043 1904.296 1876.429 1845.688 1808.983 1857.502 1888.082 1844.586 1755.402 1767.399
1855.914 1808.232 1804.018 1788.716 1730.023 1752.91 1695.147 1786.854 1713.096 1654.49 1647.072 1642.762 1718.317 1701.543 1698.997 1692.717 1702.185 1655.971 1608.106 1588.813 1582.874 1642.206 1604.998 1668.116 1687.692 1707.742 1740.032 1774.907 1818.225 1770.203 1817.337 1874.105 1950.139 2002.45 2171.408 1954.465 2000.208 2150.274 1998.909 1907.962 2092.854 2170.832 2277.224 2244.715 2136.691 2117.316 2054.941 2062.129 2053.125 2122.505 2107.58 2039.837 1998.45 1944.317 1917.397 1854.596 1887.536 1845.422 1825.233 1887.779 1938.962 1943.113 1800.403
1919.075 1888.657 1826.636 1754.82 1767.445 1777.019 1820.618 1783.713 1776.728 1699.139 1685.595 1657.37 1723.568 1678.08 1706.345 1745.834 1732.043 1663.008 1655.539 1596.503 1587.54 1620.255 1614.128 1618.692 1646.876 1699.665 1726.924 1759.022 1758.154 1748.658 1760.756 1835.064 1854.3 1890.304 2023.908 1902.731 1889.81 2041.806 1960.37 1869.331 1994.467 2050.077 2132.626 2114.644 2045.614 2057.701 2019.7 2015.982 2026.91 2096.446 2149.966 2094.639 2016.325 1970.334 1930.909 1902.118 1918.348 1895.994 1856.027 1816.761 1940.751 1984.106 1953.424
1858.638 1752.462 1773.33 1809.237 1762.022 1843.687 1881.473 1771.248 1819.383 1841.134 1741.453 1712.579 1690.041 1669.107 1635.788 1662.419 1714.306 1746.645 1749.859 1635.652 1607.873 1674.521 1723.066 1672.816 1685.563 1637.525 1698.83 1722.047 1679.565 1763.025 1787.872 1917.602 1843.312 1814.01 1888.68 1916.457 1799.821 1842.666 1792.036 1868.283 1900.157 1999.392 2067.444 2013.22 1993.812 1981.536 2017.374 1961.898 2024.485 2049.092 2005.713 1983.157 1959.861 1964.315 1932.956 1932.262 1885.108 1866.512 1852.39 1828.686 1879.81 1899.062 1943.267
1695.754 1682.506 1748.637 1783.824 1831.057 1822.091 1896.654 1851.061 1902.307 1894.27 1805.077 1746.691 1687.798 1681.719 1659.34 1608.162 1590.998 1680.625 1664.368 1636.316 1558.401 1601.062 1602.901 1619.931 1637.531 1626.769 1659.64 1672.153 1712.431 1723.231 1756.906 1869.234 1770.678 1775.822 1772.631 1718.365 1788.134 1871.067 1998.372 1975.154 2015.633 1945.101 2034.616 2026.405 2017.666 1989.923 1967.877 1969.665 2049.901 1977.654 2041.966 2093.024 2075.973 2043.292 1937.068 1865.113 1851.856 1861.282 1858.285 1857.314 1907.176 1916.394 1913.449
1756.609 1621.373 1708.789 1694.977 1790.936 1799.271 1874.041 1909.526 1868.84 1875.546 1872.82 1781.361 1712.103 1661.666 1700.192 1738.955 1649.878 1601.189 1563.612 1555.92 1563.395 1548.345 1559.834 1550.962 1534.854 1606.32 1624.403 1636.168 1662.932 1681.879 1715.335 1707.899 1701.324 1656.824 1720.479 1838.735 1934.59 2043.327 2123.011 2043.373 1986.073 1913.043 1977.956 1995.445 1975.856 1951.697 1951.648 1926.702 1934.515 1924.473 1961.892 2033.627 1957.877 1877.753 1894.014 1943.439 1971.298 1971.589 1905.992 1867.57 1882.844 1931.036 1945.149
1652.286 1616.757 1670.631 1748.452 1800.509 1820.762 1889.707 1917.39 1856.767 1854.832 1820.678 1733.549 1741.986 1721.323 1683.305 1641.536 1610.188 1610.191 1605.78 1601.552 1598.01 1612.365 1672.704 1713.881 1612.668 1534.959 1575.455 1595.561 1671.039 1663.994 1586.706 1693.271 1741.299 1810.041 1847.471 1838.092 1926.17 1985.542 1931.984 1930.418 1896.313 1854.653 1965.527 2021.526 1972.528 2016.695 1980.381 1932.177 1925.867 1945.381 1918.57 1911.707 1939.779 1949.963 1987.187 2089.271 2044.282 1955.21 1921.573 1911.622 1908.56 1963.867 1967.971
1642.489 1567.856 1636.926 1711.292 1740.42 1785.762 1808.457 1821.378 1832.825 1810.287 1843.612 1885.143 1788.649 1760.685 1766.536 1683.571 1699.698 1659.666 1642.658 1618.953 1612.459 1652.966 1697.578 1703.465 1572.724 1537.283 1574.617 1632.416 1611.831 1617.112 1696.659 1756.467 1760.514 1698.791 1711.567 1704.522 1754.71 1801.804 1780.429 1904.035 1946.2 2000.832 1933.491 1991.687 2072.927 2041.029 2004.075 1967.441 1940.017 1934.884 1931.712 1972.299 2042.255 2066.705 2045.577 2077.949 2029.847 1975.334 1921.653 1901.846 1909.209 1935.209 1958.301
1546.105 1636.813 1704.634 1708.101 1696.247 1748.32 1719.177 1744.472 1800.629 1793.653 1873.828 1814.887 1865.082 1875.854 1777.253 1725.648 1737.568 1730.647 1690.574 1664.077 1654.164 1713.314 1799.139 1675.522 1557.786 1510.683 1571.055 1529.689 1598.533 1665.694 1713.183 1716.574 1652.581 1747.087 1780.257 1824.413 1828.215 1900.493 1929.92 2000.389 2111.952 2063.108 2026.782 1948.54 2012.87 2025.07 2007.963 2018.717 1978.233 2001.977 1977.95 2063.379 2040.443 2035.591 2050.146 2056.573 2006.892 1951.165 1932.744 1904.137 1879.806 1912.149 1933.054
1524.534 1557.152 1609.257 1595.197 1621.168 1685.068 1687.225 1662.074 1690.459 1744.511 1740.995 1759.95 1835.56 1781.384 1715.728 1678.918 1719.599 1780.943 1777.172 1749.462 1719.32 1789.476 1829.045 1700.789 1565.268 1490.123 1534.694 1580.329 1620.394 1660.579 1636.019 1647.437 1748.829 1851.998 1937.672 1985.683 1952.946 1945.356 2045.394 2169.091 2214.951 2168.796 2068.163 2051.59 1988.27 2064.43 2096.654 2030.002 2003.898 1989.244 1968.266 2085.761 2115.306 2076.024 2068.355 2021.998 1976.732 1953.95 1967.204 1910.12 1893.856 1862.147 1855.017
1565.956 1549.041 1532.708 1603.95 1600.97 1572.883 1659.152 1698.188 1748.166 1776.755 1668.04 1743.559 1778.781 1771.116 1739.255 1670.725 1660.798 1667.558 1645.944 1699.396 1655.704 1694.323 1734.699 1635.225 1522.106 1506.058 1553.532 1553.126 1548.051 1583.969 1643.768 1686.519 1735.483 1810.74 1820.751 1847.084 1903.112 1936.877 2029.632 2172.247 2331.399 2249.879 2108.848 2066.113 2027.081 2092.221 2116.346 2059.955 2056.485 2037.665 1995.213 2053.684 2090.758 2103.57 2026.369 2059.153 2073.594 2089.612 1995.759 1931.311 1878.943 1847.251 1833.766
1540.14 1479.03 1531.821 1521.979 1546.698 1583.334 1644.991 1679.521 1613.585 1651.173 1687.999 1707.635 1753.117 1802.563 1784.535 1753.953 1653.45 1582.549 1577.42 1671.565 1622.442 1602.299 1624.107 1552.693 1462.52 1486.33 1507.036 1541.903 1584.766 1635.825 1656.578 1685.828 1693.867 1735.262 1789.507 1826.807 1894.745 1950.879 2028.796 2095.38 2271.601 2208.872 2216.246 2094.301 2046.071 2113.978 2185.884 2119.253 2061.687 2027.067 2057.01 2044.442 2049.12 2087.779 2125.851 2134.646 2128.353 2072.659 1980.268 1933.178 1883.402 1883.325 1870.353
1472.1 1559.996 1692.294 1692.841 1709.491 1675.221 1736.555 1672.491 1558.476 1680.584 1721.81 1618.013 1699.526 1686.571 1699.449 1732.841 1637.359 1625.006 1544.423 1586.701 1588.653 1568.906 1601.403 1518.86 1455.738 1575.049 1569.86 1573.127 1589.395 1631.209 1657.943 1691.804 1724.484 1768.352 1798.758 1863.158 1985.595 2004.702 2073.545 2124.3 2290.26 2361.488 2290.431 2161.82 2094.617 2157.953 2101.186 2092.082 2142.178 2097.982 2126.127 2136.765 2106.347 2179.073 2164.939 2120.882 2051.508 1974.028 1945.284 1912.31 1893.501 1880.516 1853.86
