inst/extdata/USGS_NED_500m.txt
ncols         810
nrows         486
xllcorner     -115.24999999942
yllcorner     42.249999819777
cellsize      0.00462963
NODATA_value  -9999
[rows 28 to 55 of 486, columns 252 to 314 of 810]
1794.298 1802.465 1812.476 1811.924 1843.228 1877.208 1874.034 1917.437 1937.543 1948.332 1943.446 1978.627 2038.394 2187.712 2412.852 2641.257 2741.893 2693.579 2588.839 2593.025 2621.995 2727.179 2914.454 3056.395 3231.85 3022.932 2870.088 2770.485 2635.682 2403.76 2485.456 2792.517 2661.97 2548.918 2698.378 2949.197 3171.083 3270.079 3166.514 3227.104 3117.452 3036.079 3069.484 2971.054 2770.26 2647.308 2480.231 2498.597 2453.126 2340.538 2350.342 2269.413 2192.07 2191.235 2158.294 2132.899 2109.61 2079.105 2054.084 2046.305 2038.388 2024.546 2012.632
1830.801 1768.761 1917.95 1850.875 1873.578 1878.636 1868.23 1894.281 1970.467 1922.408 1924.656 1965.214 2021.731 2120.235 2292.612 2509.438 2767.56 2930.599 2805.695 2615.24 2636.237 2744.53 2932.087 3148.598 3023.113 2916.9 2812.366 2715.193 2552.928 2414.346 2647.632 2828.031 2957.68 2679.945 2630.571 2787.53 3029.062 3254.19 3190.636 2994.843 2883.264 2798.799 2791.025 2710.537 2607.081 2551.401 2653.827 2656.211 2497.323 2308.166 2273.008 2236.991 2270.998 2231.294 2198.863 2121.441 2105.87 2092.492 2076.895 2063.808 2051.575 2035.893 2024.919
1909.917 1947.975 1988.993 1869.095 1883.872 1883.095 1867.608 1867.076 1898.412 1892.375 1929.924 1972.862 2034.176 2110.66 2215.72 2376.341 2640.143 2821.233 2795.681 2583.713 2525.223 2583.827 2766.898 2972.67 2886.126 2782.826 2904.03 2732.209 2502.258 2508.03 2695.443 2879.565 3002.638 2981.642 2706.08 2716.016 2949.091 3104.694 3255.593 3099.168 2834.089 2733.853 2719.548 2754.016 2824.087 2888.524 2894.683 2722.151 2567.356 2459.004 2558.144 2529.292 2395.282 2230.775 2161.781 2138.77 2124.698 2106.466 2089.413 2074.21 2061.59 2045.905 2030.371
2099.275 2106.417 2030.45 1973.053 1866.54 1823.162 1855.904 1873.968 1878.133 1901.471 1932.375 1968.684 2023.764 2084.787 2162.163 2345.117 2517.604 2746.039 2697.534 2520.365 2464.184 2670.985 2766.334 2941.456 3106.293 2823.076 2697.205 2761.857 2525.609 2594.257 2746.876 2728.024 2858.363 3053.957 2799.325 2755.691 2859.551 3022.154 3180.8 3261.437 3083.982 3039.109 2978.468 2903.08 2774.769 2736.042 2834.302 2800.86 2684.683 2616.066 2590.334 2444.206 2390.155 2188.376 2158.672 2142.373 2128.729 2126.612 2106.03 2096.03 2095.009 2063.861 2094.557
1985.257 2009.763 1952.625 1942.448 1845.795 1821.652 1838.993 1879.454 1893.159 1911.026 1925.54 1959.356 2000.259 2052.73 2112.635 2211.937 2387.042 2532.653 2427.786 2423.567 2413.177 2636.9 2876.675 3016.624 3249.306 3099.875 2955.662 2682.704 2577.569 2634.376 2768.494 2994.531 3064.96 3123.587 3048.974 2980.296 2937.948 3128.494 3045.232 3217.331 3050.161 2933.404 2843.794 2726.754 2806.567 2619.159 2580.16 2641.704 2586.243 2510.274 2451.413 2313.52 2203.865 2276.045 2282.963 2228.718 2188.812 2190.146 2145.873 2130.221 2111.663 2061.743 2074.682
2076.655 2073.869 1986.025 1921.374 1842.032 1826.467 1828.631 1881.593 1896.83 1916.776 1938.701 1957.211 1980.943 2013.899 2044.153 2087.509 2175.771 2312.294 2421.2 2549.66 2586.769 2711.618 2721.896 2817.79 3031.168 3019.704 2825.977 2882.071 2794.369 2655.811 2798.404 3027.754 3280.005 3088.433 2957.499 2854.326 2843.91 2961.498 2923.96 3007.848 3169.075 2978.904 2854.172 2853.712 2873.388 2743.927 2644.556 2517.603 2473.399 2396.25 2296.616 2241.156 2335.545 2508.092 2535.589 2465.792 2332.697 2246.761 2209.128 2197.341 2163.425 2096.081 2066.083
2031.255 2061.274 1955.013 1909.835 1867.316 1836.739 1831.518 1874.676 1891.757 1914.569 1928.773 1942.09 1973.283 1989.397 2012.809 2048.401 2146.191 2335.038 2528.798 2712.888 2709.895 2493.658 2559.662 2733.597 2900.607 3114.759 3034.587 2944.588 2795.802 2688.313 2743.718 2899.517 3099.286 3314.382 3103.356 2908.315 2807.226 2731.817 2759.544 2962.38 3118.492 3255.817 3230.418 3114.422 2993.101 2860.888 2852.448 2732.493 2601.326 2361.99 2360.198 2346.037 2554.681 2753.746 2818.254 2623.734 2432.167 2358.754 2310.339 2214.055 2212.279 2125.547 2098.681
1978.319 1983.503 1951.059 1929.761 1892.573 1907.339 1841.263 1864.395 1884.671 1889.67 1913.88 1927.537 1955.491 1969.812 1994.154 2033 2093.334 2186.661 2367.797 2571.563 2490.826 2390.427 2502.17 2554.253 2700.052 2908.729 3099.549 2948.831 2806.208 2731.754 2725.125 2838.997 3020.983 3297.854 3085.063 2888.911 2830.294 2773.448 2680.77 2732.218 2875.755 3067.791 3203.937 2948.102 2965.155 2949.051 2705.029 2523.153 2471.061 2424.853 2565.256 2470.84 2658.091 2813.218 2930.047 2780.725 2643.142 2498.307 2337.674 2339.026 2261.992 2269.549 2170.556
1961.286 1961.513 1970.065 1931.317 1890.397 1926.509 1881.036 1858.328 1877.362 1895.687 1920.739 1942.499 1963.374 1982.704 2003.946 2029.451 2051.48 2090.995 2178.407 2277.213 2361.279 2537.99 2544.542 2443.628 2650.194 2740.873 2965.052 3157.078 2910.947 2766.521 2827.906 2882.302 3131.182 3073.093 2963.489 2898.31 2867.531 2846.35 2750.127 2663.803 2665.232 2811.659 3046.174 2983.767 2835.21 2738.367 2657.345 2772.477 2612.809 2585.011 2698.844 2738.688 2708.536 2830.955 2943.872 2896.714 2756.563 2625.797 2501.742 2391.551 2346.638 2271.147 2302.708
1920.15 1924.167 1946.925 1958.885 1898.871 1860.287 1862.255 1892.33 1886.699 1903.974 1927.592 1946.698 1966.877 1989.035 2012.443 2038.075 2060.723 2085.082 2105.701 2221.817 2403.268 2511.991 2347.165 2490.915 2552.663 2727.618 2931.722 3104.968 3064.49 3053.863 3049.067 2888.325 3035.232 3227.045 3111.458 2889.736 2780.09 2772.446 2719.109 2667.77 2645.039 2599.656 2758.355 2908.479 3050.242 3020.652 3001.955 2919.884 2901.768 2795.068 2683.395 2727.998 2697.304 2620.877 2613.422 2716.465 2824.362 2702.138 2594.102 2491.895 2348.861 2192.787 2209.408
1894.533 1892.591 1874.113 1878.967 1907.573 1869.43 1881.205 1886.838 1906.439 1927.031 1941.584 1952.99 1968.543 1987.325 2013.86 2039.773 2067.037 2092.977 2119.659 2145.592 2211.738 2336.561 2264.449 2351.424 2548.511 2645.508 2736.712 2762.472 2965.189 3125.798 3175.245 3223.273 3020.575 2974.971 3107.928 3254.737 3262.857 3108.378 2922.717 2867.606 2750.126 2548.061 2505.919 2611.537 2734.3 2923.428 2756.946 2749.668 2750.968 2721.79 2565.819 2594.414 2470.92 2395.161 2390.848 2448.871 2527.628 2620.119 2597.978 2421.087 2273.028 2139.849 2106.138
1879.649 1878.578 1879.415 1878.753 1879.895 1875.13 1885.133 1915.313 1899.494 1921.767 1936.851 1953.107 1973.147 1994.417 2017.929 2047.683 2070.083 2094.934 2124.055 2152.637 2177.627 2210.563 2268.77 2355.416 2439.903 2392.845 2471.859 2615.232 2755.033 2895.351 3030.832 3314.722 3000.633 2953.988 2848.699 2933.139 3106.222 3026.511 2999.504 2902.487 2766.055 2617.172 2575.345 2482.814 2428.455 2659.135 2561.495 2504.497 2472.458 2475.754 2434.256 2381.028 2331.247 2308.298 2286.563 2255.436 2260.628 2313.944 2374.833 2318.436 2172.594 2138.009 2109.283
1885.501 1885.024 1886.485 1888.449 1884.528 1885.316 1883.908 1904.195 1918.321 1924.632 1936.826 1953.254 1972.293 1993.083 2017.453 2041.183 2064.995 2091.409 2118.615 2144.833 2169.201 2195.327 2221.518 2262.812 2347.259 2483.084 2611.88 2626.289 2638.941 2809.073 3068.18 3232.642 3084.204 2922.2 2870.541 2799.072 2866.031 3059.842 2918.425 2869.921 2845.023 2731.327 2587.318 2505.81 2442.959 2381.861 2357.419 2320.362 2302.591 2278.852 2276.052 2266.074 2257.058 2228.933 2248.681 2232.145 2190.195 2182.689 2172.378 2157.361 2142.938 2128.65 2116.259
1896.736 1891.361 1892.466 1894.328 1893.074 1891.57 1891.419 1905.455 1920.602 1933.278 1944.058 1953.619 1966.87 1990.412 2010.011 2035.125 2057.689 2085.174 2111.075 2132.453 2149.609 2177.065 2201.882 2252.882 2305.752 2418.779 2616.197 2801.241 2862.471 2993.725 2869.469 2987.376 3181.855 2923.648 2883.047 2814.768 2733.821 2780.123 2793.996 2628.582 2522.273 2507.556 2458.26 2458.344 2443.062 2444.733 2420.224 2401.236 2471.372 2425.484 2403.266 2275.701 2354.84 2369.196 2375.427 2337.388 2271.999 2225.183 2191.096 2163.197 2146.036 2129.816 2304.117
1907.735 1897.012 1896.393 1902.712 1903.059 1901.788 1901.872 1911.286 1927.747 1940.956 1952.891 1961.915 1976.853 1988.459 2000.957 2023.113 2046.056 2067.992 2089.79 2108.939 2114.867 2130.026 2162.562 2198.208 2288.391 2358.713 2458.76 2658.364 2747.786 2756.804 2695.537 2885.334 3062.657 3084.595 2955.815 2899.707 2746.75 2675.78 2619.28 2609.302 2603.839 2635.571 2724.047 2720.109 2654.746 2560.013 2542.084 2614.521 2610.793 2443.888 2325.861 2405.727 2476.454 2627.311 2633.823 2623.106 2474.558 2439.509 2354.502 2197.705 2145.894 2145.819 2358.42
1915.575 1906.189 1900.587 1904.676 1908.807 1910.178 1909.514 1917.765 1927.626 1942.109 1955.757 1967.592 1979.919 1992.701 2006.617 2019.928 2033.584 2047.341 2058.48 2076.765 2085.862 2108.91 2134.194 2158.645 2237.29 2279.531 2324.074 2499.628 2480.907 2723.735 2867.793 2954.37 3035.029 3011.978 2863.386 2804.214 2758.865 2689.173 2841.071 2941.042 3039.2 3058.113 2936.246 2768.489 2605.338 2690.309 2667.412 2669.767 2496.446 2340.944 2467.184 2577.672 2654.804 2824.801 2837.478 2773.891 2678.721 2641.283 2481.483 2256.549 2162.494 2150.877 2259.321
1928.618 1916.693 1910.531 1914.258 1916.446 1917.682 1917.332 1922.732 1928.49 1942.12 1953.684 1964.129 1981.827 1995.69 2007.661 2021.026 2038.572 2052.649 2071.102 2083.529 2096.189 2117.993 2139.831 2167.505 2195.923 2233.725 2280.262 2341.696 2576.673 2758.615 2738.44 2722.763 2888.421 3086.125 3224.259 3102.771 2825.321 2736.233 2927.372 3237.988 3009.961 2834.905 2888.507 2848.307 2760.453 2916.741 2732.252 2547.574 2396.144 2564.09 2687.094 2810.82 2837.741 2926.553 2849.426 2750.698 2647.823 2477.643 2359.238 2263.896 2201.097 2163.28 2294.783
1960.058 1928.447 1922.635 1924.913 1926.944 1929.373 1925.286 1928.742 1935.298 1938.604 1968.681 1996.105 1979.865 1996.017 2010.869 2024.699 2040.232 2057.791 2073.167 2091.567 2109.7 2122.208 2139.162 2162.868 2187.638 2215.91 2233.942 2298.447 2471.055 2663.442 2520.961 2721.573 2768.779 2841.485 3075.941 2926.976 2807.877 2789.484 3083.74 3166.386 2966.356 3146.024 3265.894 3131.887 3005.987 2912.546 2703.668 2483.762 2486.55 2691.839 2898.113 3050.169 3022.159 2850.962 2689.238 2510.624 2478.839 2376.82 2318.393 2269.647 2177.588 2181.248 2267.941
1997.664 1956.211 1939.916 1940.918 1940.577 1942.905 1942.165 1936.679 1941.305 1946.565 1951.307 1974.632 2012.98 1995.589 2008.736 2023.21 2049.56 2066.842 2074.341 2086.791 2109.723 2116.04 2138.651 2157.555 2174.628 2190.689 2204.695 2233.323 2286.782 2387.22 2451.246 2471.843 2581.118 2728.075 2879.018 3062.614 2922.929 2976.275 3157.73 3168.997 3130.7 3233.768 3208.446 2981.7 2844.364 2695.452 2534.954 2470.321 2574.66 2820.915 2993.08 3089.209 2915.029 2703.53 2719.831 2789.335 2677.442 2496.884 2310.201 2216.203 2192.578 2206.834 2323.397
2086.558 2012.381 1969.181 1963.71 1954.894 1958.143 1956.199 1948.192 1946.911 1954.24 1957.752 1976.759 1995.869 2014.764 2013.823 2041.735 2052.086 2083.871 2083.543 2120.786 2126.305 2136.899 2143.044 2163.328 2185.202 2200.892 2218.043 2238.422 2267.427 2300.613 2355.21 2468.77 2668.735 2615.235 2708.635 2839.511 3060.745 3331.636 3264.466 2992.351 2950.603 3044.041 3054.76 2905.267 2686.363 2577.393 2703.562 2637.782 2771.01 2797.042 3029.543 2981.474 2830.184 2835.602 3026.183 2917.451 2713.281 2505.293 2354.206 2203.755 2213.287 2213.874 2250.784
2206.733 2135.186 2026.019 1989.795 1972.417 1979.343 1974.966 1963.885 1955.506 1957.803 1965.573 1978.035 1988.252 2012.786 2026.446 2044.16 2063.514 2091.926 2101.359 2124.404 2122.202 2138.689 2158.509 2169.577 2186.585 2206.653 2215.49 2217.984 2282.811 2310.681 2318.366 2360.992 2472.18 2579.184 2684.35 2807.69 2874.216 3083.933 3211.228 3021.959 2914.905 2878.486 2776.996 2694.766 2688.499 2711.213 2924.045 2959.948 2992.124 3085.181 3025.408 3148.493 3112.839 3096.608 2909.001 2786.468 2692.676 2505.521 2302.197 2215.504 2234.072 2240.724 2421.996
2356.814 2259.448 2090.816 2135.129 2023.958 2007.156 2000.851 1988.431 1967.362 1965.278 1968.669 1975.695 1993.442 2009.03 2023.736 2035.359 2051.057 2071.008 2094.49 2110.615 2124.485 2139.884 2145.905 2164.099 2177.58 2194.494 2186.46 2203.06 2274.896 2306.616 2317.813 2356.768 2369.965 2434.029 2511.852 2636.905 2801.974 2995.548 3137.522 3063.017 2921.571 2880.48 2849.815 2781.249 2758.677 2977.2 2869.449 2744.807 2876.082 3046.99 2850.138 2867.083 2882.397 2965.095 2850.205 2655.337 2494.991 2374.85 2268.46 2229.698 2250.139 2292.334 2360.907
2291.778 2161.11 2152.764 2203.661 2167.515 2041.735 2035.417 2016.646 1999.489 1976.68 1975.761 1977.429 1988.245 2006.12 2016.605 2024.689 2032.301 2045.67 2052.007 2067.917 2085.115 2112.041 2133.458 2135.886 2151.856 2157.982 2159.645 2171.224 2283.15 2296.925 2272.546 2343.591 2320.459 2369.707 2540.639 2720.535 2687.449 2773.351 2965.144 3010.886 2913.399 2884.632 2836.055 2944.615 2919.166 2747.412 2631.197 2619.972 2715.019 2827.701 2790.733 2733.203 2641.067 2702.842 2797.795 2665.885 2492.371 2348.951 2267.763 2254.986 2381.831 2510.291 2536.753
2258.852 2272.359 2256.051 2141.92 2099.735 2209.411 2192.13 2126.18 2079.092 2036.89 2017.781 1990.156 1991.163 2000.674 2009.516 2019.096 2037.643 2060.558 2103.024 2122.125 2129.08 2164.826 2158.725 2131.55 2129.768 2158.022 2197.925 2222.081 2272.755 2243.589 2334.963 2398.103 2397.754 2439.094 2434.113 2468.296 2581.942 2627.034 2771.725 3007.923 3185.912 3079 2927.958 2791.04 2716.463 2687.197 2778.601 2649.156 2557.096 2605.237 2594.792 2502.473 2440.722 2413.853 2512.535 2589.757 2404.976 2297.46 2264.03 2268.375 2335.584 2465.044 2551.48
2330.112 2230.656 2150.495 2150.048 2241.406 2395.617 2436.1 2403.841 2365.83 2278.311 2142.914 2047.751 2015.712 2013.055 2007.37 2021.251 2067.153 2117.437 2185.671 2198.561 2284.528 2286.252 2223.358 2195.095 2165.499 2186.35 2299.514 2377.922 2439.374 2496.372 2403.789 2321.769 2354.292 2443.025 2350.625 2412.648 2426.513 2605.211 2693.446 2726.24 2839.687 2975.278 3017.774 3049.466 2888.901 2771.411 2970.181 2777.858 2591.741 2518.118 2551.337 2481.064 2452.021 2431.877 2357.563 2375.436 2329.184 2286.465 2295.479 2289.469 2274.247 2277.243 2295.482
2263.49 2232.689 2236.564 2245.5 2301.682 2426.025 2470.739 2490.995 2485.586 2370.008 2191.224 2107.065 2038.012 2033.973 2022.938 2022.722 2045.657 2082.284 2163.448 2274.866 2340.648 2317.704 2301.298 2224.531 2185.746 2300.109 2283.525 2428.948 2451.455 2559.871 2400.648 2244.014 2287.593 2392.933 2329.742 2338.203 2422.375 2504.095 2460.62 2482.499 2578.031 2694.905 2884.46 3109.372 3307.124 3063.492 2797.859 2696.663 2644.169 2650.554 2634.465 2633.822 2589.007 2423.659 2352.961 2336.76 2317.85 2310.023 2327.254 2319.778 2296.905 2289.925 2298.488
2424.063 2319.77 2346.73 2365.543 2353.712 2293.8 2263.896 2277.066 2265.401 2208.891 2102.826 2070.661 2136.302 2069.477 2025.875 2051.235 2100.318 2072.961 2074.781 2120.629 2265.857 2405.582 2431.847 2370.15 2320.618 2263.109 2394.241 2280.643 2410.397 2460.336 2432.749 2315.703 2236.305 2300.677 2270.223 2287.596 2421.331 2477.115 2474.958 2480.438 2680.521 2645.326 2745.133 2919.698 3082.104 2881.331 2864.851 2786.869 2967.956 2897.396 2863.707 2877.342 2656.094 2499.862 2384.18 2379.874 2378.674 2357.095 2358.692 2453.474 2403.822 2411.238 2423.059
2404.008 2353.162 2351.969 2374.283 2259.457 2204.925 2283.28 2257.382 2163.039 2174.559 2178.075 2106.424 2182.418 2154.954 2040.096 2161.673 2267.532 2179.047 2144.966 2146.664 2108.119 2229.51 2381.953 2508.021 2493.856 2340.098 2344.902 2378.7 2291.142 2228.684 2245.423 2300.896 2198.53 2241.438 2277.108 2321.389 2379.689 2475.169 2545.763 2697.634 2744.39 2954.489 3016.404 3090.308 3225.343 3004.106 2871.762 2903.43 2781.997 2773.259 2771.737 2739.319 2764.044 2568.641 2466.593 2441.904 2424.775 2376.843 2411.662 2540.441 2702.307 2624.355 2649.757
