inst/extdata/USGS_NED_500m.txt
ncols         810
nrows         486
xllcorner     -115.24999999942
yllcorner     42.249999819777
cellsize      0.00462963
NODATA_value  -9999
[rows 84 to 111 of 486, columns 189 to 251 of 810]
2155.74 2160.32 2164.02 2262.983 2338.338 2448.446 2458.103 2361.613 2238.638 2221.885 2309.994 2161.264 2028.826 2142.953 2263.374 2429.301 2266.766 2243.996 2081.779 2017.196 2183.607 2254.629 2117.436 2122.112 1975.497 1839.983 1919.048 1987.969 1995.924 1954.979 1961.579 1999.978 2010.058 2036.827 2037.549 2087.962 2122.644 2184.359 2212.468 2274.678 2369.385 2513.832 2599.467 2571.672 2501.616 2555.227 2630.553 2620.643 2617.323 2575.175 2729.154 2748.015 2623.704 2515.487 2415.07 2600.192 2733.799 2721.18 2777.513 2633.852 2559.628 2503.434 2529.835
2245.345 2297.781 2312.535 2319.619 2306.866 2481.73 2467.332 2333.482 2196.609 2232.488 2375.672 2217.79 2103.77 2153.213 2300.305 2472.605 2365.665 2178.605 2182.142 2080.379 2178.567 2334.334 2241.698 2252.117 2116.274 1932.006 1856.613 1924.781 1947.797 2016.746 2082.656 2080.613 2086.882 2047.685 2025.229 2042.429 2066.68 2044.352 2048.455 2122.086 2188.723 2285.239 2450.322 2536.746 2594.687 2519.841 2526.608 2562.314 2666.561 2676.929 2666.807 2749.94 2721.195 2652.696 2586.027 2510.109 2544.232 2695.019 2804.644 2665.667 2549.211 2553.083 2492.326
2283.356 2396.82 2396.882 2510.1 2450.432 2469.489 2412.434 2408.312 2270.332 2305.717 2376.849 2221.129 2152.538 2159.132 2304.777 2484.138 2296.883 2320.209 2265.909 2199.998 2273.278 2258.728 2321.25 2268.625 2184.11 2160.931 2039.701 1864.389 1929.919 1997.21 2102.953 2256.21 2234.714 2196.762 2227.138 2171.361 2157.391 2212.2 2174.434 2207.424 2087.821 2159.077 2298.669 2434.967 2455.989 2526.226 2640.205 2708.295 2567.338 2667.735 2642.493 2725.629 2811.542 2796.471 2715.69 2703.408 2639.19 2713.663 2847.54 2655.352 2528.743 2478.657 2424.801
2360.8 2495.232 2605.495 2655.375 2560.683 2583.341 2518.398 2383.019 2333.997 2439.934 2389.958 2371.648 2164.206 2225.058 2340.134 2502.46 2479.547 2405.524 2280.796 2389.483 2427.011 2363.363 2390.111 2369.65 2298.836 2218.628 2061.341 1988.585 1892.342 1951.38 2061.636 2201.247 2258.904 2276.415 2340.923 2376.395 2296.703 2359.583 2276.361 2356.022 2242.377 2152.178 2234.793 2272.086 2309.406 2407.129 2454.38 2532.644 2601.067 2588.293 2638.032 2726.619 2697.036 2719.695 2735.531 2750.377 2774.53 2670.799 2595.344 2750.672 2633.262 2536.803 2512.436
2427.621 2514.378 2579.792 2749.233 2759.423 2577.98 2512.357 2490.134 2406.904 2342.697 2307.016 2227.934 2195.206 2256.713 2430.178 2572.09 2441.124 2415.045 2460.175 2371.588 2335.562 2306.792 2285.467 2316.631 2329.848 2341.345 2154.322 1997.863 1881.487 1960.821 1990.27 2051.826 2116.712 2200.088 2282.486 2327.426 2467.719 2401.976 2377.098 2479.766 2352.783 2300.675 2180.586 2188.531 2342.701 2426.803 2498.32 2560.169 2646.271 2755.371 2737.374 2706.68 2787.714 2823.106 2861.081 2819.433 2709.87 2556.232 2501.677 2547.702 2496.057 2448.908 2395.597
2509.404 2645.74 2652.819 2807.122 2745.169 2687.72 2710.361 2585.197 2442.716 2355.734 2307.677 2273.76 2237.67 2329.985 2430.968 2584.575 2539.492 2554.293 2448.392 2346.55 2263.677 2210.109 2169.7 2159.885 2209.172 2323.781 2158.539 1991.763 1902.085 1952.295 2062.5 2103.921 2173.114 2230.172 2254.218 2335.979 2473.371 2513.877 2486.171 2529.399 2474.805 2442.759 2354.212 2249.238 2263.891 2467.067 2571.827 2647.074 2721.49 2801.608 2757.785 2768.535 2797.996 2815.677 2854.033 2800.339 2730.891 2724.761 2647.511 2497.678 2466.69 2413.21 2404.984
2632.079 2656.693 2844.682 2950.787 2928.286 2884.875 2735.368 2616.286 2492.534 2402.016 2355.839 2402.716 2295.461 2337.722 2412.132 2542.516 2691.266 2593.23 2459.473 2401.643 2396.807 2317.697 2142.467 2130.9 2039.056 2103.083 2085.1 2063.158 1911.668 2017.935 2058.778 2005.831 2108.389 2138.889 2291.109 2347.034 2363.329 2499.444 2536.584 2587.729 2583.171 2485.667 2473.767 2339.816 2250.694 2308.047 2488.841 2632.017 2672.593 2804.69 2657.975 2594.786 2580.979 2634.956 2651.895 2688.047 2709.497 2759.498 2783.031 2666.255 2558.28 2519.545 2503.319
2760.522 2753.475 2736.742 2776.356 2938.61 2853.537 2705.444 2662.146 2585.641 2533.196 2484.321 2401.818 2402.17 2388.868 2388.29 2456.997 2604.336 2570.518 2508.64 2488.304 2372.609 2306.551 2288.132 2274.192 2216.14 2178.76 2088.409 2007.303 1934.505 2052.907 2115.832 2172.791 2051.433 2175.502 2211.272 2261.763 2301.693 2341.715 2447.251 2515.792 2599.386 2635.048 2496.195 2387.082 2368.289 2293.275 2284.432 2372.596 2440.438 2480.934 2446.653 2584.282 2630.007 2688.561 2726.085 2822.913 2781.022 2865.949 2776.947 2661.477 2532.466 2463.222 2447.354
2773.052 2945.131 2987.45 2854.836 3018.251 2910.056 2768.32 2791.3 2603.542 2609.102 2536.433 2461.584 2432.087 2380.559 2316.573 2396.535 2536.732 2579.812 2490.63 2554.475 2498.072 2358.632 2392.759 2260.315 2249.798 2106.623 2009.616 1940.296 2001.221 2000.855 2110.172 2260.273 2144.242 2211.224 2221.494 2254.386 2403.079 2493.158 2536.875 2602.548 2605.852 2725.356 2541.569 2495.698 2407.085 2400.632 2341.303 2398.862 2404.055 2429.707 2590.509 2664.361 2699.581 2756.81 2863.205 2922.375 2907.852 2986.997 2887.942 2704.407 2562.04 2463.289 2424.005
3018.044 3070.773 3147.302 3146.567 3030.759 2996.592 2890.083 2754.066 2733.859 2647.463 2589.775 2492.344 2418.688 2361.228 2301.768 2252.394 2344.65 2415.051 2466.342 2387.863 2464.062 2359.865 2394.896 2222.095 2109.882 2044.8 1953.657 2137.957 2106.349 1957.29 2116.718 2204.08 2283.72 2256.455 2398.628 2368.56 2327.62 2464.949 2549.363 2649.213 2725.828 2819.133 2709.003 2609.088 2538.483 2474.163 2435.874 2549.176 2474.601 2460.635 2473.313 2527.61 2596.188 2685.166 2774.1 2820.094 2857.735 2893.139 2922.476 2882.639 2715.676 2607.203 2447.421
2995.319 3015.998 3101.417 3245.702 3094.992 2962.504 2858.686 2791.429 2716.901 2671.547 2621.435 2497.222 2398.015 2369.596 2399.279 2327.42 2243.538 2224.916 2242.897 2254.36 2287.187 2185.886 2268.579 2197.043 2031.758 1947.824 2080.106 2236.995 2203.383 2084.194 1995.404 2117.616 2289.53 2297.356 2303.095 2383.801 2432.802 2463.616 2440.633 2493.324 2668.917 2654.083 2626.696 2670.582 2645.144 2592.577 2520.398 2611.195 2549.022 2569.11 2622.105 2712.548 2667.397 2639.38 2781.4 2881.68 2906.666 3015.402 2812.666 2692.121 2595.737 2592.271 2536.669
3186.664 3249.837 3209.94 3043.126 2901.057 2845.205 2790.171 2775.267 2767.886 2632.887 2576.769 2509.908 2445.705 2412.217 2440.067 2346.058 2350.478 2331.972 2319.258 2194.867 2117.062 2066.572 2024.183 2057.456 1978.842 2044.987 2199.267 2346.585 2310.627 2156.375 1957.423 2093.67 2186.749 2225.061 2211.727 2216.203 2363.304 2326.79 2367.593 2460.804 2489.106 2476.294 2579.536 2660.119 2770.592 2722.703 2674.378 2686.161 2640.95 2688.536 2705.38 2762.076 2786.508 2720.887 2854.45 2884.654 2983.071 3030.979 2871.84 2840.411 2808.254 2631.977 2581.426
2940.859 3076.377 3218.953 3056.32 3060.275 3041.244 2920.51 2906.875 2834.951 2715.234 2633.585 2613.949 2604.734 2500.954 2500.566 2434.728 2352.475 2260.062 2361.446 2299.698 2243.361 2145.268 1984.005 2103.417 2162.811 2274.046 2283.251 2411.046 2213.858 2127.683 1991.414 2154.373 2125.238 2025.454 2130.516 2212.798 2235.417 2224.279 2271.507 2384.6 2414.768 2493.763 2601.763 2741.652 2718.248 2679.258 2744.455 2848.138 2787.081 2732.993 2803.403 2875.351 2914.84 2897.469 2916.678 2952.763 2914.914 2940.577 2962.049 2799.193 2685.875 2638.003 2592.853
2824.593 2984.483 3167.148 3172.677 3064.106 2911.676 2899.604 2819.019 2783.694 2691.885 2640.471 2540.322 2445.821 2526.664 2435.248 2270.006 2340.276 2228.264 2158.884 2091.044 2009.961 2076.915 2196.415 2206.398 2392.857 2447.755 2302.129 2252.645 2210.867 2015.907 2171.6 2291.799 2311.576 2268.601 2083.311 2132.143 2217.746 2275.317 2385.837 2491.299 2613.992 2659.824 2644.37 2610.351 2515.865 2574.108 2707.77 2814.255 2925.428 2938.65 2922.227 2809.711 2840.906 2870.629 2864.871 2742.439 2836.327 2890.331 2967.053 2839.925 2681.573 2616.14 2612.215
2927.84 2885.416 3025.175 3263.728 3059.254 3041.347 3096.851 2932.002 2742.655 2663.656 2582.046 2546.706 2358.338 2393.722 2320.205 2250.022 2103.864 2061.856 2103.181 2179.975 2217.715 2117.618 2217.313 2355.761 2465.002 2547.751 2426.125 2249.129 2073.083 2072.558 2242.929 2366.568 2490.644 2363.589 2261.786 2157.888 2122.454 2195.831 2338.807 2474.174 2461.41 2466.875 2433.009 2440.036 2525.277 2595.863 2718.649 2821.001 2976.979 2854.29 2723.885 2648.469 2654.916 2696.123 2656.377 2770.402 2929.004 2975.395 2940.024 2821.563 2682.15 2586.268 2480.737
2913.994 3097.017 3220.656 3251.563 3011.316 2969.645 2855.536 2773.455 2653.943 2507.201 2435.699 2408.507 2409.531 2273.535 2252.639 2084.199 2251.654 2137.962 2202.174 2382.383 2334.009 2264.945 2225.475 2311.852 2530.625 2426.095 2317.218 2234.359 2028.909 2183.138 2358.252 2425.528 2491.359 2505.232 2388.931 2239.398 2134.281 2238.543 2303.192 2283.433 2335.618 2390.811 2455.239 2500.701 2538.26 2589.739 2714.59 2840.15 2963.878 2801.677 2777.401 2677.733 2580.292 2594.906 2738.203 2944.879 3011.146 3009.314 2908.91 2785.454 2668.71 2551.959 2553.923
3138.41 3258.785 3041.981 2995.356 2923.335 2878.24 2814.452 2587.58 2465.668 2394.663 2301.735 2284.687 2381.644 2323.991 2148.344 2311.22 2310.556 2168.874 2364.465 2452.866 2431.162 2354.927 2295.818 2450.669 2440.454 2282.03 2236.255 2078.035 2163.08 2133.356 2201.695 2300.148 2458.51 2585.72 2402.69 2272.432 2203.082 2146.426 2218.518 2281.434 2330.619 2372.303 2448.381 2530.139 2636.581 2660.315 2736.091 2859.396 2844.385 2645.873 2661.043 2545.301 2493.402 2565.038 2685.721 2905.194 3033.891 2951.494 2797.585 2785.6 2691.316 2704.739 2656.222
3074.827 2995.108 3037.523 2827.767 2723.843 2799.148 2625.864 2498.171 2404.447 2306.61 2195.417 2174.83 2225.121 2262.094 2359.889 2422.495 2221.989 2332.112 2502.716 2523.264 2586.948 2523.673 2432.293 2471.912 2362.416 2231.581 2126.27 2191.971 2359.818 2208.618 2274.078 2459.207 2491.668 2649.56 2487.709 2363.375 2346.586 2271.33 2205.753 2312.033 2428.545 2436.988 2450.687 2523.41 2567.174 2686.407 2748.432 2766.823 2738.973 2740.212 2549.967 2458.538 2517.031 2651.531 2747.798 2943.422 3019.005 2858.907 2731.227 2597.599 2568.525 2496.217 2639.311
2740.131 2668.304 2747.675 2801.069 2666.006 2533.298 2477.688 2343.441 2263.489 2265.591 2395.489 2317.612 2355.154 2452.578 2597.936 2398.613 2288.662 2359.659 2535.227 2675.118 2618.041 2568.596 2598.786 2518.139 2363.166 2224.036 2103.463 2257.877 2340.056 2410.089 2273.337 2312.695 2422.818 2592.183 2638.338 2585.438 2513.023 2319.559 2223.395 2311.378 2415.169 2503.39 2531.258 2545.808 2579.668 2699.099 2795.213 2634.588 2626.718 2697.273 2521.507 2398.968 2495 2577.246 2726.193 2959.506 2927.045 2754.021 2593.35 2524.139 2472.121 2422.07 2449.288
2509.28 2502.919 2489.463 2432.058 2363.173 2328.796 2301.088 2308.038 2385.84 2419.067 2497.974 2480.173 2439.392 2580.605 2499.146 2357.667 2325.482 2499.993 2577.115 2755.861 2741.542 2732.248 2720.864 2635.607 2438.722 2257.063 2129.273 2374.689 2413.039 2546.052 2350.898 2422.935 2338.686 2506.026 2676.73 2615.678 2472.924 2385.684 2271.209 2321.286 2361.504 2454.171 2626.671 2646.65 2661.353 2713.058 2664.331 2626.296 2482.118 2539.421 2464.413 2406.514 2543.947 2650.635 2678.446 2863.836 2768.058 2647.103 2601.487 2578.387 2557.571 2458.16 2427.833
2465.81 2389.004 2361.575 2458.349 2453.765 2432.075 2444.364 2366.921 2462.859 2448 2612.869 2552.781 2599.682 2620.136 2526.877 2395.343 2395.677 2535.427 2616.247 2759.957 2898.375 2806.95 2678.163 2472.9 2379.356 2285.915 2138.356 2358.752 2550.887 2576.621 2475.29 2564.037 2389.225 2480.657 2687.18 2570.077 2485.872 2371.257 2332.938 2414.769 2479.709 2412.327 2567.637 2690.899 2704.249 2656.687 2522.384 2472.603 2480.163 2402.796 2337.709 2389.822 2462.414 2540.339 2717.085 2813.938 2746.974 2607.853 2539.437 2466.125 2562.888 2487.603 2430.306
2473.526 2402.704 2551.438 2682.49 2616.373 2571.351 2546.738 2512.975 2554.217 2485.951 2622.189 2742.757 2685.551 2643.361 2492.726 2337.548 2436.664 2509.221 2641.712 2787.714 2774.079 2626.883 2714.659 2641.846 2486.922 2352.176 2171.498 2278.114 2483.827 2634.2 2628.875 2593.708 2475.338 2614.86 2667.644 2670.084 2515.616 2407.794 2502.19 2394.986 2556.908 2504.996 2557.059 2734.297 2785.497 2695.172 2609.022 2488.078 2427.879 2368.043 2305.831 2387.908 2525.185 2568.734 2656.791 2675.079 2663.831 2532.707 2476.39 2381.112 2427.831 2465.196 2451.729
2409.537 2521.593 2698.849 2784.992 2877.103 2786.454 2651.524 2661.484 2729.509 2634.652 2575.168 2507.6 2552.314 2427.635 2374.363 2452.952 2598.476 2514.859 2626.018 2784.471 2795.629 2578.173 2476.995 2398.961 2433.019 2311.605 2203.454 2268.097 2476.788 2587.311 2645.754 2682.21 2611.586 2725.25 2707.842 2585.031 2457.063 2491.571 2549.288 2548.619 2618.188 2640.717 2709.415 2781.289 2826.391 2632.037 2522.481 2429.979 2350.164 2318.068 2306.022 2406.085 2400.323 2450.436 2572.436 2593.208 2663.062 2611.228 2504.772 2398.956 2359.115 2351.346 2454.077
2439.887 2541.083 2688.045 2769.206 2879.51 2798.858 2683.332 2787.03 2785.291 2646.426 2634.241 2605.021 2433.628 2469.741 2546.286 2496.822 2628.359 2611.928 2753.907 2939.515 2765.304 2634.727 2502.737 2434.88 2462.792 2432.47 2221.433 2432.506 2442.926 2438.388 2553.633 2685.938 2709.308 2801.81 2714.304 2593.983 2544.85 2506.393 2650.292 2608.791 2669.205 2728.17 2720.656 2712.5 2592.225 2718.759 2573.749 2462.522 2377.488 2300.047 2297.704 2378.122 2334.961 2418.938 2423.306 2591.364 2652.129 2504.538 2421.306 2368.755 2320.191 2272.836 2369.615
2480.075 2505.827 2643.197 2732.655 2853.763 2941.702 2795.778 2828.62 2799.084 2734.263 2598.931 2478.5 2532.738 2572.744 2549.797 2584.078 2626.679 2744.436 2867.31 3005.355 2972.305 2752.468 2615.056 2556.928 2592.65 2426.599 2267.217 2441.474 2540.478 2593.01 2621.075 2569.77 2650.685 2826.802 2739.329 2591.783 2626.469 2592.473 2701.747 2691.978 2709.501 2629.708 2546.04 2508.217 2471.889 2575.624 2547.56 2524.847 2381.389 2335.564 2242.901 2289.54 2285.211 2362.644 2506.245 2629.933 2647.95 2493 2416.045 2415.833 2354.908 2268.864 2276.367
2556.798 2495.572 2626.364 2687.855 2808.553 2975.18 2979.015 2810.248 2716.58 2683.776 2558.998 2582.238 2677.212 2648.425 2595.28 2716.073 2753.321 2842.848 2778.109 2881.276 2949.318 2870.065 2688 2582.945 2595.185 2487.195 2380.631 2434.551 2621.079 2672.115 2740.531 2782.38 2689.974 2837.93 2791.826 2699.764 2682.598 2690.337 2732.214 2769.875 2738.148 2578.787 2606.411 2532.059 2416.77 2369.782 2370.233 2426.166 2460.682 2333.477 2269.919 2227.896 2329.488 2405.655 2499.801 2563.961 2546.558 2455.839 2440.672 2400.847 2327.565 2279.454 2248.761
2585.799 2510.377 2632.087 2760.591 2775.601 2899.892 2988.436 2830.028 2682.221 2641.862 2711.407 2598.521 2705.511 2783.489 2733.428 2814.294 2807.914 2773.274 2663.94 2683.819 2694.895 2636.335 2691.193 2512.906 2503.906 2345.936 2523.387 2627.762 2696.417 2814.722 2836.568 2892.715 2874.127 2946.622 2850.034 2811.135 2751.396 2794.711 2799.595 2750.045 2700.852 2726.596 2682.661 2627.545 2542.439 2455.215 2383.313 2331.215 2293.977 2260.45 2230.17 2204.978 2287.063 2323.503 2400.694 2423.534 2370.964 2405.543 2374.876 2426.3 2360.497 2408.558 2305.199
2610.34 2517.705 2655.928 2744.888 2803.837 2863.113 2987.81 2791.598 2690.819 2761.054 2711.39 2758.123 2744.925 2895.044 2919.617 2791.054 2710.489 2716.054 2728.684 2632.743 2595.849 2553.178 2438.244 2451.584 2412.302 2458.925 2464.768 2653.725 2717.07 2733.655 2842.662 2959.768 2907.735 2907.809 2958.766 2928.233 2885.573 2933.82 2857.571 2810.212 2827.775 2708.628 2577.19 2472.219 2482.102 2388.284 2357.871 2388.469 2348.67 2329.492 2254.073 2232.083 2212.807 2267.899 2326.697 2376.092 2293.41 2329.421 2414.683 2488.404 2475.576 2505.239 2357.893
