inst/extdata/USGS_NED_500m.txt
ncols         810
nrows         486
xllcorner     -115.24999999942
yllcorner     42.249999819777
cellsize      0.00462963
NODATA_value  -9999
[rows 0 to 27 of 486, columns 252 to 314 of 810]
2050.55 2238.627 2260.874 2250.463 2270.478 2324.06 2414.262 2365.348 2324.742 2300.045 2296.079 2245.423 2192.417 2175.299 2205.891 2214.578 2221.473 2171.155 2128.602 2148.769 2129.358 2047.17 1923.493 1924.576 1959.133 1936.418 1935.693 1906.422 1848.068 1816.291 1813.25 1770.088 1747.236 1739.446 1721.959 1709.004 1708.765 1710.536 1712.175 1706.11 1708.702 1707.493 1702.51 1701.298 1701.05 1698.958 1693.186 1691.61 1691.091 1683.066 1671.876 1659.967 1648.38 1639.599 1631.428 1623.7 1623.738 1627.145 1631.944 1637.032 1642.792 1648.435 1654.462
2053.213 2091.252 2106.17 2239.604 2339.174 2397.597 2402.833 2354.499 2383.637 2467.029 2338.446 2284.511 2245.15 2275.693 2329.876 2239.758 2176.077 2198.76 2192.971 2182.156 2064.631 1966.384 1989.341 2025.178 2023.181 2024.78 1999.841 2005.345 1922.257 1872.194 1842.918 1818.339 1795.573 1758.281 1756.02 1735.078 1724.087 1725.63 1723.349 1723.189 1725.685 1722.774 1720.417 1721.331 1722.024 1721.081 1716.163 1715.654 1708.711 1702.126 1692.657 1679.74 1669.171 1656.865 1645.814 1639.693 1629.408 1630.411 1633.953 1638.039 1643.157 1647.43 1653.401
1977.989 2051.415 2091.903 2155.836 2198.479 2298.548 2398.641 2402.535 2386.022 2472.388 2467.302 2456.964 2419.103 2351.358 2340.691 2288.3 2216.794 2158.137 2075.081 2025.504 1985.084 2009.552 2003.748 2065.369 2069.156 2073.937 2022.016 2063.151 1993.804 2005.932 1911.912 1859.556 1817.154 1791.248 1790.808 1764.546 1742.892 1739.677 1739.656 1735.107 1742.325 1741.038 1742.566 1742.717 1741.773 1738.7 1736.328 1729.735 1727.069 1719.916 1709.605 1697.265 1683.813 1670.911 1661.899 1653.279 1643.767 1635.3 1638.044 1640.292 1644.986 1650.054 1656.052
1964.446 2022.618 2097.566 2233.785 2276.791 2324.135 2360.694 2340.195 2299.534 2396.183 2469.021 2467.773 2414.438 2360.104 2271.127 2220.743 2194.685 2213.478 2103.759 2108.164 2115.494 2105.542 2114.413 2101.681 2126.328 2149.399 2134.677 2176.593 2090.952 1983.822 1970.519 1893.231 1846.701 1828.063 1807.555 1786.24 1780.612 1758.558 1756.58 1751.004 1759.481 1760.926 1762.959 1762.263 1761.892 1758.203 1755.529 1750.961 1745.535 1735.568 1724.717 1712.455 1697.262 1688.515 1676.704 1670.059 1661.922 1643.405 1643.49 1644.87 1646.914 1651.96 1659.101
2002.08 2071.041 2129.759 2129.854 2245.602 2309.165 2302.349 2221.282 2277.061 2335.998 2422.535 2477.676 2423.824 2392.802 2352.906 2322.925 2256.894 2201.411 2123.74 2199.348 2202.007 2208.621 2193.674 2180.867 2206.562 2225.154 2273.01 2180.118 2093.538 2033.226 1972.85 1952.956 1926.372 1941.968 1866.042 1821.207 1808.471 1783.198 1770.828 1767.703 1779.38 1781.218 1782.209 1782.161 1780.558 1778.916 1772.002 1769.581 1760.644 1749.175 1735.68 1722.699 1715.635 1703.503 1696.016 1683.89 1671.267 1659.006 1648.714 1650.036 1652.222 1653.403 1659.879
2026.266 2070.076 2118.263 2194.21 2250.247 2252.956 2173.455 2144.073 2213.59 2294.04 2395.201 2495.676 2500.488 2481.669 2411.432 2310.523 2282.376 2204.469 2211.004 2243.519 2284.652 2299.679 2351.476 2320.71 2265.379 2343.801 2291.151 2201.204 2138.334 2088.527 2146.62 2064.275 1968.137 1908.135 1861.775 1845.518 1823.621 1797.835 1795.353 1784.015 1794.648 1798.368 1799.789 1800.631 1800.523 1799.791 1789.654 1782.571 1772.637 1762.877 1750.918 1742.28 1728.055 1715.851 1706.481 1695.676 1682.051 1664.478 1653.951 1655.387 1657.529 1659.653 1661.288
1965.849 2076.409 2211.997 2148.213 2127.501 2131.107 2118.452 2122.027 2174.037 2247.188 2345.537 2381.293 2450.263 2464.451 2466.804 2404.699 2306.662 2317.178 2310.371 2279.832 2287.367 2336.253 2397.628 2394.088 2328.708 2344.811 2293.586 2251 2266.352 2242.986 2215.185 2127.591 2037.908 1988.641 1958.548 1911.607 1884.289 1851.846 1802.092 1804.231 1814.176 1816.762 1818.558 1818.783 1819.249 1803.157 1806.437 1800.158 1788.793 1777.409 1767.096 1753.183 1741.82 1727.695 1714.709 1699.257 1687.128 1671.245 1657.837 1659.47 1662.343 1665.585 1666.989
1984.373 2078.394 2034.323 2052.406 2072.85 2138.465 2098.557 2111.497 2146.719 2224.148 2322.874 2368.114 2477.583 2462.192 2433.355 2343.033 2342.46 2368.136 2396.859 2326.86 2332.119 2454.797 2480.718 2395.133 2268.339 2249.436 2210.452 2176.335 2105.393 2154.423 2160.928 2152.333 2145.264 2099.003 2015.705 1976.188 1884.993 1834.377 1816.597 1813.65 1834.871 1837.272 1839.181 1838.351 1829.855 1829.914 1823.43 1812.283 1802.386 1789.601 1778.428 1764.999 1750.772 1736.018 1720.725 1704.62 1689.358 1673.739 1660.674 1663.275 1667.118 1670.598 1672.946
1945.214 1981.731 1984.662 2033.855 2064.764 2065.639 2047.095 2109.368 2146.435 2211.702 2363.227 2393.639 2517.907 2445.962 2432.911 2444.673 2443.639 2465 2378.159 2495.23 2469.124 2547.977 2447.713 2363.697 2373.482 2363.046 2305.692 2236.519 2149.681 2074.322 2114.666 2056.501 2002.094 1984.578 1948.978 1909.071 1875.422 1841.76 1839.47 1843.682 1866.543 1858.581 1859.311 1857.299 1834.432 1844.903 1833.899 1822.656 1811.693 1797.593 1783.227 1768.934 1748.931 1739.151 1721.701 1705.305 1690.374 1673.993 1664.867 1667.897 1671.614 1674.292 1678.092
1917.552 1929.959 1990.877 1991.895 1996.387 2015.778 2007.55 2097.245 2101.691 2156.506 2326.515 2451.293 2509.765 2506.977 2517.664 2602.869 2595.938 2587.189 2476.481 2500.102 2579.947 2553.688 2523.202 2465.84 2560.888 2572.188 2437.491 2304.415 2188.748 2062.974 2012.04 1979.666 1956.777 1918.15 1914.299 1939.745 1936.073 1905.386 1894.054 1903.005 1890.119 1891.414 1880.328 1864.152 1868.581 1858.079 1840.427 1825.907 1811.009 1798.497 1786.871 1772.727 1756.171 1739.073 1720.993 1702.786 1686.583 1671.863 1669.243 1670.461 1673.343 1679.092 1681.591
1913.669 1938.245 1958.375 1965.832 2053.272 2039.24 1990.483 2032.463 2043.714 2113.482 2207.067 2361.551 2352.413 2396.428 2464.041 2655.035 2735.402 2640.287 2519.444 2480.102 2566.665 2541.091 2489.566 2483.435 2603.07 2732.927 2529.958 2305.225 2109.312 2187.002 2119.975 2090.982 2029.407 2014.746 2006.365 1990.407 1988.292 1986.026 2060.18 1986.232 1976.78 1928.486 1892.221 1923.368 1894.536 1885.041 1878.445 1883.909 1820.669 1797.849 1776.854 1764.405 1748.604 1734.299 1718.735 1702.225 1685.907 1676.109 1672.953 1674.532 1677.244 1683.473 1685.161
1877.469 1916.715 1948.168 2021.583 2011.277 2001.658 1970.272 2013.513 2056.507 2074.522 2158.371 2180.916 2249.317 2350.455 2474.6 2619.899 2724.164 2661.83 2582.495 2545.732 2609 2551.878 2447.752 2433.855 2516.418 2483.63 2345.525 2268.707 2399.711 2393.73 2253.712 2166.289 2120.691 2099.822 2065.543 2051.392 2025.849 2039.676 2182.931 2067.786 1963.922 1923.555 1919.576 1953.693 2007.402 1975.538 1916.487 1885.482 1899.982 1792.167 1776.19 1752.118 1740.575 1725.681 1712.905 1699.69 1689.269 1681.839 1679.945 1681.265 1682.008 1684.465 1686.713
1875.808 1917.8 1978.589 1986.885 1967.834 1942.874 1962.758 1994.73 2032.811 2100.307 2151.778 2245.185 2287.764 2386.411 2503.982 2538.458 2683.521 2657.099 2567.754 2515.529 2480.335 2440.397 2433.324 2487.643 2421.172 2567.887 2570.962 2619.567 2620.458 2444.796 2495.512 2334.847 2245.36 2173.185 2118.57 2086.727 2084.598 2099.589 2080.71 2021.159 1983.873 1917.221 2013.66 2048.317 1979.883 2013.312 2011.942 1942.005 1945.18 1933.44 1802.438 1773.319 1738.74 1755.469 1728.501 1707.636 1718.807 1690.767 1690.12 1690.072 1691.66 1693.991 1694.722
1856.193 1881.036 1907.707 1962.282 1975.261 1920.501 1943.879 2000.723 2034.15 2060.614 2150.681 2238.688 2303.671 2394.491 2414.205 2466.837 2550.645 2569.048 2514.395 2476.518 2448.582 2446.366 2488.124 2585.173 2616.857 2729.246 2839.814 2840.117 2679.534 2522.244 2679.765 2508.543 2335.006 2249.454 2204.641 2149.894 2139.259 2130.835 2095.603 2041.906 2001.523 1970.582 1939.509 2050.706 2040.516 2059.03 2111.286 2005.319 1971.302 2041.814 1986.206 1866.897 1811.869 1769.931 1879.418 1777.802 1707.052 1709.907 1708.783 1706.717 1702.967 1705.78 1706.286
1866.046 1847.969 1856.223 1853.001 1882.18 1955.507 1995.376 2002.62 2072.683 2093.585 2111.695 2195.056 2289.483 2307.638 2339.033 2405.731 2503.261 2534.279 2526.719 2509.097 2447.232 2483.357 2539.479 2593.231 2669.138 2725.535 2822.12 2928.33 2754.374 2741.7 2791.325 2655.323 2430.019 2408.962 2256.077 2223.997 2183.736 2136.217 2096.868 2070.603 2033.586 1976.72 1938.462 2036.483 2086.98 2238.801 2121.836 2132.665 2058.701 2007.25 1979.94 2072.338 2020.433 1820.722 1842.174 1857.467 1782.685 1730.615 1729.955 1725.163 1716.259 1718.123 1718.646
1891.545 1823.745 1844.235 1874.626 1926.149 1941.343 1962.279 2007.679 2054.38 2151.922 2129.386 2140.759 2212.485 2255.3 2319.919 2366.172 2409.503 2487.74 2496.359 2547.905 2460.453 2527.051 2557.386 2693.358 2774.197 2773.243 2787.068 2884.277 2925.338 2869.85 2778.782 2665.031 2503.704 2495.577 2322.418 2267.011 2228.564 2180.058 2157.887 2118.468 2092.68 2030.827 1953.371 2019.725 2110.1 2151.962 2239.261 2254.177 2231.265 2077.574 2024.041 1962.789 1969.143 1856.107 1928.693 1838.866 1783.787 1768.877 1753.363 1748.408 1734.941 1732.68 1733.183
1772.657 1806.733 1849.769 1870.313 1890.458 1985.431 2013.076 2065.09 2149.077 2235.751 2266.576 2224.307 2250.832 2250.824 2291.802 2342.109 2334.812 2349.572 2385.689 2472.954 2544.389 2485.775 2536.765 2645.735 2658.256 2707.765 2771.404 2850.991 2932.402 2877.445 2756.519 2623.667 2737.792 2573.092 2364.377 2317.285 2267.698 2244.597 2196.893 2214.993 2323.692 2055.814 2015.346 2154.405 2110.566 2197.001 2286.004 2375.116 2302.312 2211.558 2127.905 2150.231 2091.19 1911.888 1825.516 1797.169 1791.257 1788.058 1776.294 1767.899 1755.794 1750.302 1749.054
1791.159 1825.392 1832.824 1876.776 1892.501 1933.424 2035.855 2031.687 2088.278 2152.197 2218.68 2197.121 2162.054 2231.954 2283.043 2255.169 2254.751 2342.049 2374.081 2480.1 2566.225 2526.778 2521.169 2552.843 2612.414 2780.177 2864.891 2887.437 2931.479 2885.364 2820.148 2709.281 2737.023 2694.914 2559.926 2369.656 2220.821 2170.78 2175.429 2169.184 2075.948 2057.44 2087.703 2063.366 2215.399 2207.672 2372.813 2507.496 2523.666 2330.202 2206.548 2168.719 2124.707 1955.44 1855.241 1826.364 1823.719 1810.375 1803.872 1789.826 1775.339 1768.232 1763.565
1852.9 1838.59 1847.642 1908.729 1937.159 1940.39 2014.429 2075.066 2076.32 2155.312 2137.599 2059.927 2128.567 2212.149 2225.992 2219.609 2234.413 2274.883 2317.694 2371.584 2442.845 2535.417 2543.318 2534.097 2585.96 2642.584 2816.378 2868.026 2919.065 2878.424 2835.516 2807.386 2760.787 2610.447 2408.987 2294.303 2287.11 2170.475 2054.89 2261.026 2267.58 2331.637 2227.465 2105.246 2182.547 2370.662 2396.519 2446.159 2474.464 2327.893 2303.692 2252.915 2138.069 2010.738 1911.462 1860.147 1854.277 1841.973 1823.676 1803.656 1798.571 1789.406 1779.205
1799.551 1817.496 1840.655 1865.767 1949.354 1962.01 1970.763 1994.497 1981.413 1995.959 2063.284 2098.677 2174.148 2250.96 2281.895 2327.658 2293.681 2309.787 2300.719 2390.552 2426.874 2482.715 2576.275 2568.163 2588.615 2620.172 2712.72 2786.279 2845.882 2844.219 2785.516 2726.11 2684.084 2639.676 2435.314 2278.315 2107.721 2137.636 2224.875 2131.429 2249.083 2315.779 2367.352 2221.797 2137.2 2402.174 2490.6 2424.642 2348.942 2349.914 2245.161 2213.083 2297.102 2084.044 1956.86 1907.727 1875.875 1859.276 1836.566 1832.072 1823.705 1810.237 1799.977
1778.426 1803.399 1826.16 1865.056 1958.416 1911.144 1903.36 1937.188 1991.376 2013.862 2107.347 2157.674 2193.986 2282.088 2248.165 2333.829 2340.713 2399.317 2375.2 2415.632 2516.604 2602.05 2607.746 2625.275 2615.037 2634.687 2618.012 2683.694 2756.388 2714.407 2573.366 2568.771 2456.486 2509.053 2305.397 2129.904 2311.98 2396.064 2338.889 2237.143 2190.466 2274.314 2384.992 2311.999 2177.725 2309.574 2422.832 2487.827 2401.339 2281.708 2216.28 2202.992 2210.587 2119.867 1948.7 2014.643 1892.707 1862.152 1861.786 1858.122 1844.782 1833.655 1823.92
1771.253 1792.974 1809.137 1832.725 1835.94 1865.468 1949.713 1949.892 2032.983 2046.841 2091.258 2159.268 2183.115 2254.537 2323.487 2353.482 2354.087 2363.007 2385.357 2436.718 2561.847 2674.87 2682.837 2649.432 2627.611 2581.662 2558.478 2546.607 2598.835 2632.631 2502.322 2367.411 2320.393 2193.093 2239.334 2352.025 2371.672 2396.165 2261.127 2298.839 2351.295 2329.718 2351.946 2400.866 2289.294 2270.15 2474.27 2460.894 2361.006 2264.066 2173.974 2173.801 2127.731 2066.167 2021.438 2145.924 1961.446 1897.536 1894.325 1886.75 1871.829 1862.608 1851.341
1756.717 1773.427 1791.423 1807.256 1817.731 1824.055 1953.413 2024.104 2109.536 2216.507 2244.986 2207.538 2239.795 2299.274 2287.806 2274.314 2266.854 2277.442 2330.495 2531.288 2726.171 2781.782 2785.788 2667.895 2662.966 2810.84 2695.148 2559.693 2480.032 2415.984 2309.553 2272.606 2254.293 2353.099 2416.755 2470.23 2409.879 2403.065 2523.156 2499.869 2671.486 2610.925 2427.323 2282.89 2230.795 2350.267 2298.711 2261.515 2227.763 2229.709 2208.436 2186.243 2152.993 2101.173 2058.674 2052.648 2013.265 1949.834 1928.379 1924.309 1908.935 1896.238 1884.977
1752.446 1766.92 1779.847 1786.635 1799.739 1816.282 1840.754 1935.632 2043.202 2229.43 2184.052 2110.164 2149.366 2267.896 2225.117 2194.063 2187.05 2239.595 2355.904 2536.957 2729.84 2967.875 2942.01 2743.307 2695.348 2842.459 2732.818 2742.885 2614.426 2409.348 2334.235 2279.619 2446.328 2494.576 2593.485 2637.438 2557.607 2535.24 2568.264 2573.232 2454.863 2380.997 2399.422 2445.942 2444.373 2335.389 2383.541 2409.555 2360.214 2278.405 2231.241 2167.537 2077.522 2060.014 2048.784 2022.899 1968.906 1975.693 1964.847 1953.69 1937.402 1922.766 1909.225
1764.887 1772.658 1782.738 1806.544 1821.261 1831.927 1852.346 1869.528 1923.601 2047.224 2154.275 2058.23 2119.099 2090.284 2125.957 2156.557 2234.947 2287.546 2318.799 2474.448 2692.622 2919.586 3052.063 2908.023 2732.174 2860.15 2848.688 2678.426 2520.127 2444.855 2293.133 2303.172 2501.578 2674.365 2895.377 2913.401 2840.483 2787.146 2618.865 2520.091 2718.671 2728.526 2691.151 2586.384 2535.72 2453.966 2504.675 2528.956 2460.125 2436.103 2248.341 2239.588 2198.887 2128.606 2074.661 2052.375 2051.86 2053.268 1980.534 1982.39 1967.701 1946.859 1921.505
1748.494 1780.722 1796.307 1814.366 1830.19 1848.258 1868.844 1884.43 1915.144 1956.777 2053.932 2133.016 2184.62 2430.64 2363.887 2265.9 2237.57 2295.178 2394.864 2470.473 2540.637 2747.796 3015.189 2992.012 2883.608 2877.051 2924.518 2724.031 2559.801 2419.14 2281.892 2343.197 2584.558 2794.289 3055.83 3252.642 3162.77 2903.859 2669.657 2668.626 2928.23 2980.375 2940.064 2826.43 2694.183 2536.728 2608.55 2446.539 2414.553 2321.92 2287.604 2374.505 2292.902 2214.401 2105.26 2062.59 2055.582 2038.608 2025.659 2008.455 1981.498 1957.544 1944.897
1759.55 1763.619 1773.786 1829.975 1835.387 1848.004 1840.829 1878.231 1905.226 1930.06 1984.656 2105.131 2229.359 2455.041 2520.894 2407.892 2336.699 2302.555 2462.299 2661.013 2732.873 2779.534 2955.899 3102.658 2958.779 2885.166 2830.002 2684.559 2497.053 2373.305 2375.891 2388.001 2568.052 2714.542 2908.856 3148.537 3070.083 2864.765 2763.939 2746.589 2960.339 3080.379 2972.87 2805.328 2700.642 2701.741 2602.232 2526.114 2372.999 2325.654 2324.34 2266.975 2291.257 2218.996 2130.568 2098.721 2083.896 2055.616 2045.056 2019.725 1996.024 1978.125 1971.375
1740.831 1766.336 1784.426 1857.872 1836.102 1828.478 1874.382 1877.324 1902.559 1917.057 1965.291 2030.909 2164.01 2322.136 2463.023 2566.224 2507.646 2409.65 2381.477 2500.188 2629.882 2718.968 2862.865 3123.486 2971.847 2804.176 2688.822 2625.052 2601.036 2364.315 2464.891 2493.333 2492.628 2650.738 2855.536 3064.037 3197.604 2919.777 2797.293 2891.969 3120.924 3155.746 3114.504 2992.241 2918.44 2814.079 2677.877 2536.709 2424.566 2392.281 2329.787 2250.111 2212.989 2175.003 2160.25 2121.036 2103.899 2083.001 2057.559 2033.109 2015.794 2006.08 1992.939
